train_year,train_month,test_year,test_month,MAPE
2008,1-6,2008,7,91.21321440071077
2008,7-12,2009,1,98.17573618291526
2009,1-6,2009,7,100.82411949406935
2009,7-12,2010,1,100.70614539513168
2010,1-6,2010,7,88.55965585469676
2010,7-12,2011,1,109.57592512383891
2011,1-6,2011,7,96.1516731053357
2011,7-12,2012,1,81.41455319976252
2012,1-6,2012,7,85.85512973113039
2012,7-12,2013,1,101.93551763910733
2013,1-6,2013,7,95.27040726015562
2013,7-12,2014,1,84.75748584657912
2014,1-6,2014,7,63.905212529306915
2014,7-12,2015,1,104.78250731122391
2015,1-6,2015,7,99.13320678098725
AVG_MAPE,MAX_MAPE,MIN_MAPE
93.48403265699677,109.57592512383891,63.905212529306915
